Day,Compose Default Sensu,High,Low
1,160,29,131
2,159,2,157
3,238,42,196
4,158,5,153
5,179,8,171
6,169,2,167
7,177,5,172
8,149,1,148
9,163,7,156
10,174,5,169
11,157,2,155
12,239,90,149
13,163,3,160
14,250,7,243
15,142,1,141
16,161,7,154
17,172,17,155
18,170,13,157
19,158,3,155
20,1401,569,832
21,166,10,156
22,149,2,147
23,149,5,144
24,160,3,157
25,155,5,150
26,160,18,142
27,165,6,159
28,163,5,158
29,142,6,136
30,153,7,146
31,22,0,22
